#Road objects |Obj_Id|Obj_type|Dist_from_start|Edge_Id
101 F 2.3 3
102 F 4 4
103 F 7 4
104 F 2 17
105 F 3.5 26
106 F 7.1 26
107 F 2.1 25
108 F 5.4 8
109 F 5.1 16
110 F 8.8 16
111 F 4.3 27
112 F 1.3 23
113 F 0.7 30
114 F 5.3 30
115 F 1.4 28
116 F 3.5 14
117 F 7.2 14
118 F 3.9 33
119 F 1.3 37
120 F 4.1 34
121 F 2.5 36
122 F 2.6 39
123 F 2.4 38
124 F 4.4 38
125 F 5 42
126 F 2.5 41
127 F 2.4 46
128 F 4.9 46
129 F 0.4 49
130 F 1 13
201 T 9 4
202 T 0.8 26
203 T 1.8 6
204 T 1.7 8
205 T 1.2 11
206 T 13.6 16
207 T 11.9 14
208 T 1.4 32
209 T 2.2 32
210 T 1.3 36
211 T 6.2 42
212 T 2.5 47
213 T 4.2 35
214 T 4.7 24
215 T 2.1 40
