1 1 2 13
2 1 8 5
3 1 16 7
4 2 3 9
5 2 6 4
6 2 7 3
7 3 4 5
8 3 6 11
9 4 6 10
10 4 12 5
11 5 6 4
12 5 10 6
13 6 8 6
14 6 9 3
15 7 8 3
16 9 15 4
17 10 15 5
18 11 12 3
19 11 14 6
20 12 13 9
21 12 19 10
22 13 19 4
23 13 20 6
24 13 22 10
25 14 18 3
26 15 16 4
27 15 23 5
28 16 17 5
29 17 23 4
30 17 24 5
31 18 23 7
32 18 19 3
33 18 22 8
34 20 21 7
35 20 22 6
36 20 28 15
37 21 22 12
38 21 28 9
39 22 27 5
40 23 26 6
41 23 27 13
42 24 25 2
43 25 26 4
44 25 29 5
45 26 29 8
46 27 28 6
47 27 30 7
48 28 30 6
49 29 30 8
50 8 15 5